0
193
29
27
25
26
0
0
0

193
29
27
25
26
0
0
0
0

29
27
25
26
0
0
193
0
193

27
25
26
0
0
193
29
193
29

25
26
0
0
193
29
220
29
27

26
0
0
193
29
220
54
27
25

0
0
193
29
220
54
53
25
26

0
193
29
220
54
53
25
26
0

193
29
220
54
53
25
26
0
0

29
220
54
53
25
26
193
0
193

220
54
53
25
26
193
29
193
29

54
53
25
26
193
29
413
29
220

53
25
26
193
29
413
83
220
54

25
26
193
29
413
83
273
54
53

26
193
29
413
83
273
79
53
25

193
29
413
83
273
79
79
25
26

29
413
83
273
79
79
218
26
193

413
83
273
79
79
218
55
193
29

83
273
79
79
218
55
606
29
413

273
79
79
218
55
606
112
413
83

79
79
218
55
606
112
686
83
273

79
218
55
606
112
686
162
273
79

218
55
606
112
686
162
352
79
79

55
606
112
686
162
352
297
79
218

606
112
686
162
352
297
134
218
55

112
686
162
352
297
134
824
55
606

686
162
352
297
134
824
167
606
112

162
352
297
134
824
167
1292
112
686

352
297
134
824
167
1292
274
686
162

297
134
824
167
1292
274
1038
162
352

134
824
167
1292
274
1038
459
352
297

824
167
1292
274
1038
459
486
297
134

167
1292
274
1038
459
486
1121
134
824

1292
274
1038
459
486
1121
301
824
167

274
1038
459
486
1121
301
2116
167
1292

1038
459
486
1121
301
2116
441
1292
274

459
486
1121
301
2116
441
2330
274
1038

486
1121
301
2116
441
2330
733
1038
459

1121
301
2116
441
2330
733
1524
459
486

301
2116
441
2330
733
1524
1580
486
1121

2116
441
2330
733
1524
1580
787
1121
301

441
2330
733
1524
1580
787
3237
301
2116

2330
733
1524
1580
787
3237
742
2116
441

733
1524
1580
787
3237
742
4446
441
2330

1524
1580
787
3237
742
4446
1174
2330
733

1580
787
3237
742
4446
1174
3854
733
1524

787
3237
742
4446
1174
3854
2313
1524
1580

3237
742
4446
1174
3854
2313
2311
1580
787

742
4446
1174
3854
2313
2311
4817
787
3237

4446
1174
3854
2313
2311
4817
1529
3237
742

1174
3854
2313
2311
4817
1529
7683
742
4446

3854
2313
2311
4817
1529
7683
1916
4446
1174

2313
2311
4817
1529
7683
1916
8300
1174
3854

2311
4817
1529
7683
1916
8300
3487
3854
2313

4817
1529
7683
1916
8300
3487
6165
2313
2311

1529
7683
1916
8300
3487
6165
7130
2311
4817

7683
1916
8300
3487
6165
7130
3840
4817
1529

1916
8300
3487
6165
7130
3840
12500
1529
7683

8300
3487
6165
7130
3840
12500
3445
7683
1916

3487
6165
7130
3840
12500
3445
15983
1916
8300

6165
7130
3840
12500
3445
15983
5403
8300
3487

7130
3840
12500
3445
15983
5403
14465
3487
6165

3840
12500
3445
15983
5403
14465
10617
6165
7130

12500
3445
15983
5403
14465
10617
10005
7130
3840

3445
15983
5403
14465
10617
10005
19630
3840
12500

15983
5403
14465
10617
10005
19630
7285
12500
3445

5403
14465
10617
10005
19630
7285
28483
3445
15983

14465
10617
10005
19630
7285
28483
8848
15983
5403

10617
10005
19630
7285
28483
8848
30448
5403
14465

10005
19630
7285
28483
8848
30448
16020
14465
10617

19630
7285
28483
8848
30448
16020
24470
10617
10005

7285
28483
8848
30448
16020
24470
30247
10005
19630

28483
8848
30448
16020
24470
30247
17290
19630
7285

8848
30448
16020
24470
30247
17290
48113
7285
28483

30448
16020
24470
30247
17290
48113
16133
28483
8848

16020
24470
30247
17290
48113
16133
58931
8848
30448

24470
30247
17290
48113
16133
58931
24868
30448
16020

30247
17290
48113
16133
58931
24868
54918
16020
24470

17290
48113
16133
58931
24868
54918
46267
24470
30247

48113
16133
58931
24868
54918
46267
41760
30247
17290

16133
58931
24868
54918
46267
41760
78360
17290
48113

58931
24868
54918
46267
41760
78360
33423
48113
16133

24868
54918
46267
41760
78360
33423
107044
16133
58931

54918
46267
41760
78360
33423
107044
41001
58931
24868

46267
41760
78360
33423
107044
41001
113849
24868
54918

41760
78360
33423
107044
41001
113849
71135
54918
46267

78360
33423
107044
41001
113849
71135
96678
46267
41760

33423
107044
41001
113849
71135
96678
124627
41760
78360

107044
41001
113849
71135
96678
124627
75183
78360
33423

41001
113849
71135
96678
124627
75183
185404
33423
107044

113849
71135
96678
124627
75183
185404
74424
107044
41001

71135
96678
124627
75183
185404
74424
220893
41001
113849

96678
124627
75183
185404
74424
220893
112136
113849
71135

124627
75183
185404
74424
220893
112136
210527
71135
96678

75183
185404
74424
220893
112136
210527
195762
96678
124627

185404
74424
220893
112136
210527
195762
171861
124627
75183

74424
220893
112136
210527
195762
171861
310031
75183
185404

220893
112136
210527
195762
171861
310031
149607
185404
74424

112136
210527
195762
171861
310031
149607
406297
74424
220893

210527
195762
171861
310031
149607
406297
186560
220893
112136

195762
171861
310031
149607
406297
186560
431420
112136
210527

171861
310031
149607
406297
186560
431420
307898
210527
195762

310031
149607
406297
186560
431420
307898
382388
195762
171861

149607
406297
186560
431420
307898
382388
505793
171861
310031

406297
186560
431420
307898
382388
505793
321468
310031
149607

186560
431420
307898
382388
505793
321468
716328
149607
406297

431420
307898
382388
505793
321468
716328
336167
406297
186560

307898
382388
505793
321468
716328
336167
837717
186560
431420

382388
505793
321468
716328
336167
837717
494458
431420
307898

505793
321468
716328
336167
837717
494458
813808
307898
382388

321468
716328
336167
837717
494458
813808
813691
382388
505793

716328
336167
837717
494458
813808
813691
703856
505793
321468

336167
837717
494458
813808
813691
703856
1222121
321468
716328

837717
494458
813808
813691
703856
1222121
657635
716328
336167

494458
813808
813691
703856
1222121
657635
1554045
336167
837717

813808
813691
703856
1222121
657635
1554045
830625
837717
494458

813691
703856
1222121
657635
1554045
830625
1651525
494458
813808

703856
1222121
657635
1554045
830625
1651525
1308149
813808
813691

1222121
657635
1554045
830625
1651525
1308149
1517664
813691
703856

657635
1554045
830625
1651525
1308149
1517664
2035812
703856
1222121

1554045
830625
1651525
1308149
1517664
2035812
1361491
1222121
657635

830625
1651525
1308149
1517664
2035812
1361491
2776166
657635
1554045

1651525
1308149
1517664
2035812
1361491
2776166
1488260
1554045
830625

1308149
1517664
2035812
1361491
2776166
1488260
3205570
830625
1651525

1517664
2035812
1361491
2776166
1488260
3205570
2138774
1651525
1308149

2035812
1361491
2776166
1488260
3205570
2138774
3169189
1308149
1517664

1361491
2776166
1488260
3205570
2138774
3169189
3343961
1517664
2035812

2776166
1488260
3205570
2138774
3169189
3343961
2879155
2035812
1361491

1488260
3205570
2138774
3169189
3343961
2879155
4811978
1361491
2776166

3205570
2138774
3169189
3343961
2879155
4811978
2849751
2776166
1488260

2138774
3169189
3343961
2879155
4811978
2849751
5981736
1488260
3205570

3169189
3343961
2879155
4811978
2849751
5981736
3627034
3205570
2138774

3343961
2879155
4811978
2849751
5981736
3627034
6374759
2138774
3169189

2879155
4811978
2849751
5981736
3627034
6374759
5482735
3169189
3343961

4811978
2849751
5981736
3627034
6374759
5482735
6048344
3343961
2879155

2849751
5981736
3627034
6374759
5482735
6048344
8155939
2879155
4811978

5981736
3627034
6374759
5482735
6048344
8155939
5728906
4811978
2849751

3627034
6374759
5482735
6048344
8155939
5728906
10793714
2849751
5981736

6374759
5482735
6048344
8155939
5728906
10793714
6476785
5981736
3627034

5482735
6048344
8155939
5728906
10793714
6476785
12356495
3627034
6374759

6048344
8155939
5728906
10793714
6476785
12356495
9109769
6374759
5482735

8155939
5728906
10793714
6476785
12356495
9109769
12423103
5482735
6048344

5728906
10793714
6476785
12356495
9109769
12423103
13638674
6048344
8155939

10793714
6476785
12356495
9109769
12423103
13638674
11777250
8155939
5728906

6476785
12356495
9109769
12423103
13638674
11777250
18949653
5728906
10793714

12356495
9109769
12423103
13638674
11777250
18949653
12205691
10793714
6476785

9109769
12423103
13638674
11777250
18949653
12205691
23150209
6476785
12356495

12423103
13638674
11777250
18949653
12205691
23150209
15586554
12356495
9109769

13638674
11777250
18949653
12205691
23150209
15586554
24779598
9109769
12423103

11777250
18949653
12205691
23150209
15586554
24779598
22748443
12423103
13638674

18949653
12205691
23150209
15586554
24779598
22748443
24200353
13638674
11777250

12205691
23150209
15586554
24779598
22748443
24200353
32588327
11777250
18949653

23150209
15586554
24779598
22748443
24200353
32588327
23982941
18949653
12205691

15586554
24779598
22748443
24200353
32588327
23982941
42099862
12205691
23150209

24779598
22748443
24200353
32588327
23982941
42099862
27792245
23150209
15586554

22748443
24200353
32588327
23982941
42099862
27792245
47929807
15586554
24779598

24200353
32588327
23982941
42099862
27792245
47929807
38334997
24779598
22748443

32588327
23982941
42099862
27792245
47929807
38334997
48979951
22748443
24200353

23982941
42099862
27792245
47929807
38334997
48979951
55336770
24200353
32588327

42099862
27792245
47929807
38334997
48979951
55336770
48183294
32588327
23982941

27792245
47929807
38334997
48979951
55336770
48183294
74688189
23982941
42099862

47929807
38334997
48979951
55336770
48183294
74688189
51775186
42099862
27792245

38334997
48979951
55336770
48183294
74688189
51775186
90029669
27792245
47929807

48979951
55336770
48183294
74688189
51775186
90029669
66127242
47929807
38334997

55336770
48183294
74688189
51775186
90029669
66127242
96909758
38334997
48979951

48183294
74688189
51775186
90029669
66127242
96909758
93671767
48979951
55336770

74688189
51775186
90029669
66127242
96909758
93671767
97163245
55336770
48183294

51775186
90029669
66127242
96909758
93671767
97163245
130024959
48183294
74688189

90029669
66127242
96909758
93671767
97163245
130024959
99958480
74688189
51775186

66127242
96909758
93671767
97163245
130024959
99958480
164717858
51775186
90029669

96909758
93671767
97163245
130024959
99958480
164717858
117902428
90029669
66127242

93671767
97163245
130024959
99958480
164717858
117902428
186939427
66127242
96909758

97163245
130024959
99958480
164717858
117902428
186939427
159799009
96909758
93671767

130024959
99958480
164717858
117902428
186939427
159799009
194073003
93671767
97163245

99958480
164717858
117902428
186939427
159799009
194073003
223696726
97163245
130024959

164717858
117902428
186939427
159799009
194073003
223696726
197121725
130024959
99958480

117902428
186939427
159799009
194073003
223696726
197121725
294742817
99958480
164717858

186939427
159799009
194073003
223696726
197121725
294742817
217860908
164717858
117902428

159799009
194073003
223696726
197121725
294742817
217860908
351657285
117902428
186939427

194073003
223696726
197121725
294742817
217860908
351657285
277701437
186939427
159799009

223696726
197121725
294742817
217860908
351657285
277701437
381012430
159799009
194073003

197121725
294742817
217860908
351657285
277701437
381012430
383495735
194073003
223696726

294742817
217860908
351657285
277701437
381012430
383495735
391194728
223696726
197121725

217860908
351657285
277701437
381012430
383495735
391194728
518439543
197121725
294742817

351657285
277701437
381012430
383495735
391194728
518439543
414982633
294742817
217860908

277701437
381012430
383495735
391194728
518439543
414982633
646400102
217860908
351657285

381012430
383495735
391194728
518439543
414982633
646400102
495562345
351657285
277701437

383495735
391194728
518439543
414982633
646400102
495562345
732669715
277701437
381012430

391194728
518439543
414982633
646400102
495562345
732669715
661197172
381012430
383495735

518439543
414982633
646400102
495562345
732669715
661197172
772207158
383495735
391194728

414982633
646400102
495562345
732669715
661197172
772207158
901935278
391194728
518439543

646400102
495562345
732669715
661197172
772207158
901935278
806177361
518439543
414982633

495562345
732669715
661197172
772207158
901935278
806177361
1164839645
414982633
646400102

732669715
661197172
772207158
901935278
806177361
1164839645
910544978
646400102
495562345

661197172
772207158
901935278
806177361
1164839645
910544978
1379069817
495562345
732669715

772207158
901935278
806177361
1164839645
910544978
1379069817
1156759517
732669715
661197172

901935278
806177361
1164839645
910544978
1379069817
1156759517
1504876873
661197172
772207158

806177361
1164839645
910544978
1379069817
1156759517
1504876873
1563132450
772207158
901935278

1164839645
910544978
1379069817
1156759517
1504876873
1563132450
1578384519
901935278
806177361

910544978
1379069817
1156759517
1504876873
1563132450
1578384519
2066774923
806177361
1164839645

1379069817
1156759517
1504876873
1563132450
1578384519
2066774923
1716722339
1164839645
910544978

1156759517
1504876873
1563132450
1578384519
2066774923
1716722339
2543909462
910544978
1379069817

1504876873
1563132450
1578384519
2066774923
1716722339
2543909462
2067304495
1379069817
1156759517

1563132450
1578384519
2066774923
1716722339
2543909462
2067304495
2883946690
1156759517
1504876873

1578384519
2066774923
1716722339
2543909462
2067304495
2883946690
2719891967
1504876873
1563132450

2066774923
1716722339
2543909462
2067304495
2883946690
2719891967
3083261392
1563132450
1578384519

1716722339
2543909462
2067304495
2883946690
2719891967
3083261392
3629907373
1578384519
2066774923

2543909462
2067304495
2883946690
2719891967
3083261392
3629907373
3295106858
2066774923
1716722339

2067304495
2883946690
2719891967
3083261392
3629907373
3295106858
4610684385
1716722339
2543909462

2883946690
2719891967
3083261392
3629907373
3295106858
4610684385
3784026834
2543909462
2067304495

2719891967
3083261392
3629907373
3295106858
4610684385
3784026834
5427856152
2067304495
2883946690

3083261392
3629907373
3295106858
4610684385
3784026834
5427856152
4787196462
2883946690
2719891967

3629907373
3295106858
4610684385
3784026834
5427856152
4787196462
5967208082
2719891967
3083261392

3295106858
4610684385
3784026834
5427856152
4787196462
5967208082
6349799340
3083261392
3629907373

4610684385
3784026834
5427856152
4787196462
5967208082
6349799340
6378368250
3629907373
3295106858

3784026834
5427856152
4787196462
5967208082
6349799340
6378368250
8240591758
3295106858
4610684385

5427856152
4787196462
5967208082
6349799340
6378368250
8240591758
7079133692
4610684385
3784026834

4787196462
5967208082
6349799340
6378368250
8240591758
7079133692
10038540537
3784026834
5427856152

5967208082
6349799340
6378368250
8240591758
7079133692
10038540537
8571223296
5427856152
4787196462

6349799340
6378368250
8240591758
7079133692
10038540537
8571223296
11395064234
4787196462
5967208082

6378368250
8240591758
7079133692
10038540537
8571223296
11395064234
11136995802
5967208082
6349799340

8240591758
7079133692
10038540537
8571223296
11395064234
11136995802
12345576332
6349799340
6378368250

7079133692
10038540537
8571223296
11395064234
11136995802
12345576332
14590391098
6378368250
8240591758

10038540537
8571223296
11395064234
11136995802
12345576332
14590391098
13457501942
8240591758
7079133692

8571223296
11395064234
11136995802
12345576332
14590391098
13457501942
18279132295
7079133692
10038540537

11395064234
11136995802
12345576332
14590391098
13457501942
18279132295
15650356988
10038540537
8571223296

11136995802
12345576332
14590391098
13457501942
18279132295
15650356988
21433604771
8571223296
11395064234

12345576332
14590391098
13457501942
18279132295
15650356988
21433604771
19708219098
11395064234
11136995802

14590391098
13457501942
18279132295
15650356988
21433604771
19708219098
23740640566
11136995802
12345576332

13457501942
18279132295
15650356988
21433604771
19708219098
23740640566
25727386900
12345576332
14590391098

18279132295
15650356988
21433604771
19708219098
23740640566
25727386900
25803078274
14590391098
13457501942

15650356988
21433604771
19708219098
23740640566
25727386900
25803078274
32869523393
13457501942
18279132295

21433604771
19708219098
23740640566
25727386900
25803078274
32869523393
29107858930
18279132295
15650356988

19708219098
23740640566
25727386900
25803078274
32869523393
29107858930
39712737066
15650356988
21433604771

23740640566
25727386900
25803078274
32869523393
29107858930
39712737066
35358576086
21433604771
19708219098

25727386900
25803078274
32869523393
29107858930
39712737066
35358576086
45174245337
19708219098
23740640566

25803078274
32869523393
29107858930
39712737066
35358576086
45174245337
45435605998
23740640566
25727386900

32869523393
29107858930
39712737066
35358576086
45174245337
45435605998
49543718840
25727386900
25803078274

29107858930
39712737066
35358576086
45174245337
45435605998
49543718840
58596910293
25803078274
32869523393

39712737066
35358576086
45174245337
45435605998
49543718840
58596910293
54910937204
32869523393
29107858930

35358576086
45174245337
45435605998
49543718840
58596910293
54910937204
72582260459
29107858930
39712737066

45174245337
45435605998
49543718840
58596910293
54910937204
72582260459
64466435016
39712737066
35358576086

45435605998
49543718840
58596910293
54910937204
72582260459
64466435016
84886982403
35358576086
45174245337

49543718840
58596910293
54910937204
72582260459
64466435016
84886982403
80794182084
45174245337
45435605998

58596910293
54910937204
72582260459
64466435016
84886982403
80794182084
94717964177
45435605998
49543718840

54910937204
72582260459
64466435016
84886982403
80794182084
94717964177
104032516291
49543718840
58596910293

72582260459
64466435016
84886982403
80794182084
94717964177
104032516291
104454656044
58596910293
54910937204

64466435016
84886982403
80794182084
94717964177
104032516291
104454656044
131179170752
54910937204
72582260459

84886982403
80794182084
94717964177
104032516291
104454656044
131179170752
119377372220
72582260459
64466435016

80794182084
94717964177
104032516291
104454656044
131179170752
119377372220
157469242862
64466435016
84886982403

94717964177
104032516291
104454656044
131179170752
119377372220
157469242862
145260617100
84886982403
80794182084

104032516291
104454656044
131179170752
119377372220
157469242862
145260617100
179604946580
80794182084
94717964177

104454656044
131179170752
119377372220
157469242862
145260617100
179604946580
184826698375
94717964177
104032516291

131179170752
119377372220
157469242862
145260617100
179604946580
184826698375
199172620221
104032516291
104454656044

119377372220
157469242862
145260617100
179604946580
184826698375
199172620221
235211687043
104454656044
131179170752

157469242862
145260617100
179604946580
184826698375
199172620221
235211687043
223832028264
131179170752
119377372220

145260617100
179604946580
184826698375
199172620221
235211687043
223832028264
288648413614
119377372220
157469242862

12068666250
