1110101011011111111011011100111001111111101111111111110111111111111001001011011111111000111110111111
1001111101011111110110111101010100111111100110111111100001101111110101101111101111110001011111011110
0111111110101111101000111111101101111111110001111111101010011111001111110111011111110011101011011110
1111111111110111011011111111010110111111101110111111101110001100111111101010111111111101110100100101
0111111111111011101101111111111010011111001010111111101111101110011111011011011110111011101110110011
1011111111110001011101111111111101100010110100001110011111100100000111101101100111010111011101111011
1111111111101010111110111111110010111101101110110110111111100001110101011101001000101110111111110111
1111111111011111010101110111111011111111011110110101111111110011111010101110111101111101111111110110
0111111010101111101010101111010011111111101110110011111110100111111110101101111110011011111111111001
1010111101111111011110010001000111111111110101110011011111001111111001110001111101101100111111111101
1100111110101111101101111000100001111100010001111101011110000011110111111110111111110101011111111011
1111001100011111110011111101110110101111001010111010011110100111101011111111001111111011100111110111
1111101000111110100001111011111011000110111011010111001110110011011111111111010111010111101001101111
1111110010011111001010111011110100100101110111101111101101101001101011111111111010001111011110001111
1111000011001110111110110111111110110001101111001111110011101110010111111111110010111110111111110111
1010001111110101111110101111111111100010011111110111111011010000110011111111001101011100111111110111
0101011111111011111111000111111111110110101111101111111100111101001101111100111111001011111111110011
1111101111110111111101001111111111100011110111110111101101111101101110111011111110110101111111111101
0011101111110111110010110101111111100111111011001111111110111111101111000110111101111110011111110011
1101011111110111101011011010011110001111100111101111111101111111110001001101010100111110100111111011
1110101111111010011110101111001111000101110001011111101011111111100010110011001010011101110111110001
1110110011111101111111110110100110111010101100111111110101111111110111010111101111101011111011100001
1111110011111010111111001101110101110111001011011011101101111111111011001111111111000001111101001110
1111110001000111111111101011111011111011010111101000001100101111010111011111111110111011111010011111
1111110000111010111111011101111111110111010111101001110011010111101110111111111101110011100110111111
1111111101111100111111101001111111101100111111100011101111111011011111010111111110111100110001111111
1111111101110111010001000011111111010011111111110000110111111010111111101111111101111000100100111111
1101111101101011001010000001111110011001111111111001111011111100011111100111111110111101001101111111
1110111010011010111011011010011101111011111111110011111011011111101100000011111100111101011110111111
1111010010111101110111110011101011111101111111111001110111101111011101110001110010111001101010001111
0100101101111110110111111101100111111101111110110011111011101110100011111010110111010110110001101111
0011111101111101001111111010011111111110111110101101110101010101111111110111000011001111011011110110
0111111100111011101111111110111111111110111111101000101100111010011111110111010100111111100111111010
1111111011111111101111110110011111111111011111010110011011111111101111111010110110011111101011111101
1111111011111111110111111101101011111110011001011111000111111111110111110110111101011111101101111111
0111110111111111101111110001110111111111000000111111110111111110001111110110011111101111101011110111
0111111011111111110111100010111011111110111011111111111011111001110010101101101111011111101001101011
1011100001111111110100010111010101110100110111111111100001110111111101000011111111101110010100011101
1100000010101111100001011111100110100011011000111111111001101111111011101101111111011101111110111110
1111101111001111000111111111110111010111101011111111010101110111110011100111111111101101111100111110
1100000111110110101111111111111011110111110111111111000110101001001111110111111111110101111010111111
1011101011111010110011111111110111000011111001111111101110011110101111110101111111100010010111111111
0101111011111101111101111111101100110101110001111111010101111101111111110011111111110111101111111111
0111111101111011111110111111001011111100111010111100111001111110011111010001111101001011110111111111
1011111000110111110110111110000111111111010111011110110101111110101110101010100100111101111011111111
1011111110010010001011010101101111111110101111100100001110111101110100111011000000111101111011111111
1011111111001100101101101011000011111110111111111000100110011011111010111101010101001011101100111111
1101111110011001111110011111100101111101111111111101111111100111110111111110011111110011010100111110
1011111000100111111110111111011110111100011111101011111110001001101111111001111111110000111010010101
0111110111101111111111011110111111001000111111110101111110011111110111111101111111111101111110101001
1011111011110011111111101111011111110000010011101101111101001111111001111011111111111011111110111010
1101010111111101111111010111001111000011101101010001111011110011110111111101111111100000111111011111
1110101111111011111000110010111111000111111110111100000111111001111001011110011011101011111110011110
1111101111110001100111111001101111100011111111111110011011111110010110011101100001011011111111101101
1111101011100010011111111100111111111001111111110101011111111111001111101011110010111011111110000101
1111000010000110111111111111011111110001111111111011011111111110111011110111111011110111111110000010
1111100001101111001111111110111111001011111111110111101001111110110101101111111101111011111111010011
1110011001100111011111111110110010111101111110101111000111110100001110011111111011100100111110111001
1001110110011111101111111100001100111110111011000010100001011000111111100110111101011111011101111101
1010011110101111101011111010111101011111011110001101110001010111011111001110111010111111101010110011
0111111110101111110101100110111111001111101001011111111010001110111110110101010111001111110111001111
1111111100000110101110011001111111110111100111011111110011011111001110111001000111110111101111011101
1111111111101010001111111000111111111011000010111111111100111111101001100110111111111011011111100010
0111111111101101100111110100111111110010011101111111111000011111110001011101111111111101001111001011
0111111111001011101111101110011111110100111110111111111101111111111100111101111111111110011110101111
1001111111110101000111011111011111101110011100101111111010111111111011001101111111111101101001111111
1110111011101110100011001111000111000110111110011111110111011011010111010110111111111110010100110111
1111000011011111110100111110111000101111011101101111000011101000101110111011011111111111011110001111
1110010000101011111110111101111111110111101011101000110001110010110101010100111111111110111111011111
1110111001110111111001111100111111101110110111110111110111100111101001111110011111101100111110101111
1101110010110111111000111011111111110101010111111011110011001111111101111111000101001001001101101101
1011111111010111111101110111111111111011101011111101101001000111111000111111101000100111110011110100
1101111111011011111000111011111111110101111101111011011100001111111101111111011010111111111011111010
1110111111100000100001010101111111101111111011100110111100100111111110111110110111111111110111111111
1100011111111001011011101110111110101111110111110100011111110111111101111101001111111110111011111111
1101111111100101110111111110111100011111111011110010111111110101111011111011101111111101000101111111
1010011111010110111001001110000110111111111100100111011111111011110100110111101011111101110110111111
0111101010111100011110110101101001011111111010001011111111110100001110101111110111111101111001111111
1011110001111111100101111000111101011111010110101101111000110111011111011111100001111110110011111111
1101110110111110001010110011111110001111101111111010110111001110111110101111110110111110010101111110
1101010111111111101111101111111111001111101111111111001110101101111110110111111000111101101110010101
1010100001111111110111110101111111000111110111111110111111110011111101111000000010000101011111101001
1111110011111111101111100111111111101000101111111111011111000001111001111110111010000010001111111110
1111111001111101011111010000101111011100010111111010100111101000110111111101111011011111011111110101
1111111100111100101110111001010100111010110111111101111010001101010011111100111111101111101111111011
1111101011010001111110011111111011011111011011111100111101011101101111111101111111010111110011110111
1111110111101110111101111111111011111110111010111011001111101110011111110110111111111011011001101111
0111100011111000000100111111110101111110111101110111110111011100100111101001111111101000100110001001
1011000101110111011011011111111101111100011101010111111010111101111011011110111111111010101111010110
1010001110100111011101111111110101111110000010101111110100111101111010111101011111111011110111011111
1100011111011110111110111111111001111001100111111111101111010011111101011111001111110111111010111111
1000111110111111011101111111111010011011001011111111010111101011111011111111110101001111111100111111
0111011101011111101101111111110111100111101101101110111111101011111101111111111010101111111001111111
0111001011101111101110110101100011111111110110100100111111111101111011111111100111110111111001111111
1111100011010111110111000101010101101101110111000011111111111110110111111111101111101111110111111111
1111101111111011111011111000110100010010101111110001111111111100111011111111110111110111111001111111
1111011111110011110111110011111011010111011111100010111111111101011101011110101111101111100110111111
1111011111111100101011000011110111111111101111111011010111111101101000111101011111110010101111011111
1110111111111101011101010111111011111111110111110111101111110011110100010101011111100111011110011110
1111011111111111011110110111111011111111111011101111011111111011111110000011101101011010111111001010
 786048 
