6362689292
7269563424
2929689682
4955726254
7968362355
3486928724
9994625546
3432376846
3968386293
5932267755

7597000504
9600009846
5000000893
9000079465
0000993466
9000049835
0009947767
7974488078
6099498505
8063378977

9809123825
0922120088
8311246005
0212400997
3312000987
0224700088
3450000000
9000000800
8400000069
9297800009

0040334936
5064331199
0632358348
2423513000
4423113000
1335812400
5661111233
0311111922
0922111190
0609911130

1151446079
6175443400
1743469580
3534624122
5534224111
2446923511
6772223454
2532223054
2055433402
2830032352

2262557190
7286565622
2854580791
4645746333
6646445222
3558044622
7884444565
3643334165
3166544513
3941143463

3373668302
8397676955
3965691903
5756857555
7757556333
4669155733
8995555676
4754445276
5387655624
5062254574

5709000723
0900000086
8000009034
0000000976
0000000644
0000798944
0000966787
8000856387
7700966735
6295465685

7930211834
3032222297
0321120466
2211124009
1112346008
1113000009
1114000000
9114000000
8924000000
7408800009

9051323066
5253334509
1432231699
3322235130
2223457140
2224111130
3325111122
0535111111
0045111122
0829911120

0262434188
7464445740
2543342800
4433346363
3334568251
3335222241
4436222233
1646222222
1168432233
1940032231

1373545299
8575556851
3654453911
5544457474
4445679362
4446333352
5547333344
2757333333
3389543344
3061143342

2484657600
9686669005
4765577053
6655690895
5556800673
5557566563
6669544455
3990644444
4500854455
4294354453

5900000911
0000000416
0000000585
0000006008
0000054006
0000098895
0000965566
7004855555
6943965566
5406465564

7021112032
2221112637
1111111696
1111117119
1111288438
1112400008
1113000009
9228000097
8066000987
7628809775

8132223143
3332223859
2222222809
2222228350
2222399570
2223511140
3324111250
0539112400
0377124000
9839920009

9243335486
4443336000
3333346060
3333460782
3333500881
3334744351
4446322361
1770423511
3700645122
0080041120

0454446597
6654447111
4444457171
4444571893
4444611992
4445855462
5557433472
2881534622
4811756233
1191152231

1565557709
7765558444
5555569504
5555684007
5555724005
5556967794
7889544583
5003645733
7064867344
3403263342

2676679920
8876790766
6667900815
6679008218
6790077337
7900099007
9000966906
7346856955
8175978455
4514374453

6000000062
0000007008
0000055057
0000550639
0004400748
0043500528
0434000037
9560000086
9299000876
5626708664

7111111173
1111118119
1111166179
1111661760
1115511880
1154611650
2645111159
0993211197
0600211987
7959919775

8222222295
2222229350
2222277300
2222772993
2226622991
2265722772
4977222390
3005323500
5064545000
0090040009

9333344507
3333460772
3334600832
3334008006
3338957005
4486835006
6098334703
5226434722
6286656122
1202151120

0544455618
5544571883
4445711943
4457329117
4570088116
5700066117
7300755814
6459645833
7397767233
2313262231

1655567950
6655684006
5556835085
5568560538
5681300527
6812500638
8424000045
7690000064
8500000654
3547706442

2766679071
7766796227
6667946196
6679671649
6792411638
7923611749
9646111156
8802111175
9722111765
4658817553

6000000382
0000000749
0000000509
0000005980
0007843770
0075722870
0087222278
0043222286
0053222876
7979928664

7111111505
1111111980
1111112850
1111118004
1118957004
1186835005
1198334700
1154334700
2397556000
9000050008

8222223837
2222224002
2222236092
2234440325
2350099215
2400066116
2400755811
2498545811
4609667111
0322161119

9333334948
3333335224
3333347204
3345673647
3461200426
3511299327
3633966922
3600856922
5840978233
1444372230

0544446069
5544447445
4444458315
4456784758
4572433637
4623600748
4746000053
4714000053
6953000654
2556706441

1655557180
6655558567
5555569426
5567895869
5683544748
5734711859
5857111164
6935111164
8074111765
4777817552

2766679391
7766790988
6667900079
6679000000
6795890000
7955835000
9088223508
0066222386
0495222876
6988928663

6000000805
0000005000
0000043400
0000742233
0000002111
0000077111
0700744619
2500633497
2900743987
8000049774

7111111916
1111116111
1111154511
1111853344
1111113222
1111188233
1811855850
4721745800
5021867000
0321160008

8222223037
2222228332
2222265622
2222964455
2222224333
2222299344
2922966961
5832856911
6132978111
1432271119

9333334148
3333339443
3334486733
3334085566
3334567544
4444600765
5055000092
8066000042
8355000543
2544605330

0544456359
5544570864
4445700075
4445400009
4445800008
5555835009
6166112405
9177111264
9466111654
3655716441

1655567470
6655681986
5556811197
5556511130
5556911140
6666946130
8377223527
0488222375
0777222765
5866827552

2766679804
7766793000
6667923500
6668732363
6669042251
7779077241
9489444638
1599333486
1888333876
6977938663

6000000025
0000008321
0000075611
0000063474
0000563362
0000488352
0000855749
6000744597
5000854987
9000059774

7111111136
1111119432
1111186722
1111174585
1111674473
1111599474
1111966980
7111856900
7211978000
0211170008

8222233347
2222350853
2222400064
2223600008
2224000007
2225000008
2225000003
8225000042
8324000421
1323504219

9333344458
3333461964
3333511175
3334711119
3335111118
3336111119
3336111114
9336111153
9435111543
2434615330

0544456679
5544573096
4444623408
4445822350
4446222250
4447222240
5547222236
0647222264
0746222654
4645726441

1655567900
6655684300
5555734640
5556933472
5557333361
5558333351
6658333347
1758333375
1857333765
5756837552

2766679021
7766796521
6667955751
6668054583
6669554472
6669444462
7769444458
2869444486
2968444876
6867948663

6000000332
0000000832
0000009962
0000686694
0000965583
0000855573
0000855569
7000855597
6000965987
9000069774

7111112553
1111124074
1112350005
1113000008
1114000007
1114000008
1114000000
8114000000
8213000000
0212400008

8222223664
2222235185
2223461116
2224111119
2225111118
2225111119
2225111111
9225111111
9324111111
1323511119

9333334775
3333346296
3334572238
3335222240
3336222250
3336222240
4436222233
0536222222
0635222233
3534622230

0544445997
5544457409
4445683460
4446333362
4447333361
4447333351
5547333344
1647333333
1746333344
4645733341

1655557000
6655569750
5556794582
5557444473
5558444472
5558444462
6658444455
2758444444
2857444455
5756844452

2766679211
7766790961
6667907793
6668666584
6669555583
6669555573
7769555566
3869555555
3968555566
6867955563

6000000643
0000007004
0000080007
0000000008
0000000007
0000000007
0000000009
8000000097
7000000987
9000009774

7111111754
1111118115
1111191118
1111111119
1111111118
1111111129
1111111240
9111112400
9211124000
0211120008

8222233965
2222340337
2222304340
2222333250
2222222250
2222222250
3322222362
0422223511
0522235111
2422231119

9333345086
3333452558
3333415451
3333444361
3333333361
3333333361
4433333473
1533334622
1633346233
3533342230

0544456197
5544563669
4444526562
4444555472
4444444472
4444444472
5544444584
2644445733
2744457344
4644453341

1655567400
6655674900
5555637795
5555666583
5555555583
5555555583
6655555695
3755556844
3855568455
5755564452

2766679621
7766798042
6666870008
6666900007
6666900007
6666900007
7766900008
4866900086
4966800876
6866797663

6000000932
0000000353
0000004219
0000052118
0000041118
0000041118
0000041119
9000041197
8000052987
9000009774

7111112053
1111112585
1111115340
1111163250
1111152250
1111152250
2211152360
0311153500
0411176000
0311120008

8222223164
2222223696
2222226451
2222274361
2222263361
2222263361
3322263471
1422264611
1522287111
1422231119

9333334386
3333334808
3333337673
3333385472
3333374472
3333374472
4433374582
2533375722
2633398233
2533342230

0544445497
5544445919
4444448784
4444496583
4444485583
4444485583
5544596693
3644609933
3744600444
3644575441

1655557700
6655569080
5555680008
5555700007
5555800007
5555800007
6655800006
4755840075
4855723765
4755686552

2766679911
7766790291
6666803219
6666922118
6666911118
6666911118
7766911117
5866951186
5966834876
5866797663

6000000043
0000005604
0000055450
0000063250
0000052250
0000052240
0000052239
0000092297
0000086987
9000009774

7111111154
1111116715
1111166561
1111174361
1111163361
1111163362
1111274470
1111307700
2211300000
0211240008

8222222265
2222227826
2222277672
2222285472
2222274472
2222274473
2222385581
2222418811
3322411111
1322351119

9333333376
3333338937
3333388783
3333396583
3333385583
3333385584
3333496692
3333529922
4433522233
2433462230

0544456697
5544570079
4444600006
4444700007
4444700007
4444700008
4444700005
4444760064
5544645554
3544573341

1655567900
6655681300
5555711239
5555811118
5555811118
5555811119
5555811116
5555871175
6655756665
4655684452

2766679021
7766793532
6666822360
6666922250
6666922250
6666922240
6666922238
6666982286
7766867776
5766795563

6000000232
0000007743
0000074471
0000063361
0000063361
0000063351
0000074349
0000006497
0000000987
9000009774

7111111343
1111118854
1111185582
1111174472
1111174472
1111174473
1111185580
1111118800
2211124000
0211120008

8222222454
2222229965
2222296693
2222285583
2222285583
2222285584
2222296691
2222229911
3322235111
1322231119

9333345886
3333460008
3333500007
3333600007
3333600007
3333600008
3333500004
3333460053
4433358443
2433342230

0544456997
5544571119
4444611118
4444711118
4444711118
4444711119
4444611115
4444571164
5544469554
3544453341

1655568000
6655683470
5555722250
5555822250
5555822250
5555822240
5555722237
5555693375
6655580765
4655575552

2766679111
7766794581
6666833361
6666933361
6666933361
6666933351
6666944348
6666906486
7766803876
5766797663

6000000322
0000008792
0000085472
0000074472
0000074472
0000074462
0000085459
0000047597
0000055987
9000009774

7111111544
1111119904
1111196694
1111185583
1111185583
1111185584
1111196690
1111159900
2211179000
0211120008

8222234865
2222350046
2222400007
2222500007
2222500007
2222500008
2222500003
2222500042
3322400421
1322353219

9333345976
3333461157
3333511118
3333611118
3333611118
3333611119
3333611114
3333611153
4433511543
2433464330

0544457097
5544573389
4444622240
4444722250
4444722250
4444722240
4444722236
4444722264
5544622654
3544575441

1655568300
6655684600
5555733473
5555833361
5555833361
5555833351
5555833347
5555833375
6655733765
4655686552

2766679411
7766795711
6666844584
6666944472
6666944472
6666944462
6666944458
6666944486
7766844876
5766797663

6000000622
0000009922
0000096695
0000085583
0000085583
0000085573
0000085569
0000085597
0000096987
9000009774

7111123943
1111240064
1111300008
1111400007
1111400007
1111400008
1111400000
1111400000
2211300000
0211240008

8222235064
2222352285
2222411119
2222511118
2222511118
2222511119
2222511111
2222511111
3322411111
1322351119

9333346286
3333463408
3333522350
3333622250
3333622250
3333622240
3333622233
3333622222
4433522233
2433462230

0544457397
5544574519
4444633461
4444733361
4444733361
4444733351
4444733344
4444733333
5544633344
3544573341

1655568500
6655685750
5555744583
5555844472
5555844472
5555844462
5555844455
5555844444
6655744455
4655684452

2766679611
7766796861
6666855694
6666955583
6666955583
6666955573
6666955566
6666955555
7766855566
5766795563

6000000053
0000000004
0000000008
0000000007
0000000007
0000000007
0000000009
0000000097
0000000987
9000009774

7111111164
1111111115
1111111119
1111111118
1111111118
1111111129
1111111240
1111112400
2211124000
0211120008

8222222275
2222222237
2222222240
2222222250
2222222250
2222222250
2222222362
2222223511
3322235111
1322231119

9333333386
3333333348
3333333351
3333333361
3333333361
3333333361
3333333473
3333334622
4433346233
2433342230

0544444497
5544444459
4444444462
4444444472
4444444472
4444444472
4444444584
4444445733
5544457344
3544453341

1655555600
6655555690
5555555584
5555555583
5555555583
5555555583
5555555695
5555556844
6655568455
4655564452

2766667932
7766679003
6666680008
6666690007
6666690007
6666690007
6666690008
6666690086
7766690876
5766686663

6000000053
0000000424
0000005219
0000004118
0000004118
0000004118
0000004119
0000004197
0000004987
9000009774

7111111164
1111111546
1111116340
1111115250
1111115250
1111115250
1111115360
1111116500
2211128000
0211120008

8222222275
2222222657
2222227451
2222226361
2222226361
2222226361
2222226471
2222227611
3322239111
1322231119

9333333386
3333333768
3333338562
3333337472
3333337472
3333337472
3333337582
3333349822
4433350333
2433353330

0544445700
5544457000
4444460007
4444470006
4444470006
4444470006
4444470005
4444470064
5544473654
3544464441

1655556811
6655568111
5555571118
5555581117
5555581117
5555581117
5555581116
5555581175
6655584765
4655575552

2766667922
7766679222
6666682229
6666692228
6666692228
6666692228
6666692227
6666692286
7766695876
5766686663

6000000043
0000000654
0000007450
0000006360
0000006360
0000006350
0000006349
0000006397
0000009987
9000009774

7111111154
1111111765
1111118561
1111117471
1111117471
1111117472
1111117580
1111129800
2211130000
0211130008

8222223486
2222235008
2222240005
2222250005
2222250005
2222250006
2222250003
2222250042
3322253321
1322241119

9333334597
3333346119
3333351116
3333361116
3333361116
3333361117
3333361114
3333361153
4433364443
2433352230

0544445700
5544457350
4444462238
4444472227
4444472227
4444472228
4444472225
4444472264
5544475554
3544463341

1655556811
6655568461
5555573349
5555583338
5555583338
5555583339
5555583336
5555583375
6655586665
4655574452

2766667922
7766679583
6666684470
6666694470
6666694470
6666694460
6666694458
6666694486
7766697776
5766685563

6000000064
0000000006
0000000004
0000000004
0000000003
0000000992
0000009669
0000009697
0000000987
9000009774

7111111175
1111111117
1111111115
1111111115
1111112335
1111124006
1111130000
1111130000
2211136000
0211120008

8222222286
2222222228
2222222226
2222222226
2222223446
2222235117
2222241111
2222241111
3322247111
1322231119

9333333397
3333333339
3333333337
3333333337
3333334557
3333346228
3333352222
3333352222
4433358233
2433342230

0544444500
5544444570
4444444459
4444444448
4444445668
4444457339
4444463333
4444463333
5544469344
3544453341

1655555611
6655555692
5555555580
5555555690
5555556800
5555568570
5555574455
5555585544
6655580555
4655575552

2766667943
7766679005
6666680004
6666690003
6666690042
6666690991
6666696666
6666696655
7766691666
5766686663

6000000064
0000000426
0000005215
0000004114
0000005374
0000007004
0000000009
0000000097
0000007987
9000009774

7111111175
1111111537
1111116326
1111115225
1111116485
1111118126
1111111240
1111123500
2211130000
0211130008

8222222286
2222222648
2222227437
2222226336
2222227596
2222229237
2222222351
2222234611
3322241111
1322241119

9333333397
3333333759
3333338548
3333337558
3333349808
3333340559
3333344562
3333345722
4433352233
2433352230

0544445700
5544457000
4444460000
4444470000
4444470070
4444463890
4444455684
4444456833
5544463344
3544463341

1655556811
6655568111
5555571111
5555581222
5555582403
5555576004
5555569007
5555569075
6655575565
4655574452

2766667922
7766679222
6666682222
6666692333
6666693514
6666698215
6666690318
6666690386
7766697776
5766685563

6000000043
0000000643
0000007433
0000006444
0000008725
0000000426
0000005529
0000005597
0000000987
9000009774

7111111154
1111111754
1111118544
1111117555
1111119836
1111111548
1111116760
1111117900
2211124000
0211120008

8222222265
2222233965
2222240965
2222250086
2222240067
2222234869
2222228981
2222229021
3322236221
1322231119

9333334597
3333346009
3333353000
3333362500
3333352500
3333358000
3333350005
3333350553
4433358443
2433342230

0544445700
5544457240
4444464122
4444473611
4444463611
4444469111
4444461116
4444461664
5544469554
3544453341

1655556811
6655568351
5555575233
5555584722
5555585822
5555580322
5555583327
5555583875
6655580765
4655575552

2766667922
7766679462
6666686344
6666695833
6666696933
6666691433
6666694438
6666694986
7766691876
5766686663

6000000043
0000000983
0000000865
0000000064
0000000064
0000008865
0000000980
0000000000
0000000000
9000000007

7111112375
1111113006
1111113008
1111112396
1111123496
1111120008
1111124003
1111112332
2211111111
0211111118

8222223486
2222224128
2222224240
2222223600
2222234700
2222231240
2222235125
2222223443
3322222222
1322222229

9333334597
3333335239
3333335351
3333334711
3333345811
3333342351
3333346236
3333334554
4433333344
2433333340

0544445700
5544446470
4444446473
4444445822
4444456922
4444453462
4444457347
4444445665
5544444455
3544444451

1655556811
6655557581
5555558694
5555558053
5555569053
5555565683
5555568458
5555556776
6655555566
4655555562

2766680053
7766690004
6666690007
6666690685
6666690364
6666687894
6666679569
6666667887
7766666677
5766666673

6000003164
0000004115
0000004118
0000004796
0000006796
0000000008
0000000000
0000000000
0000000000
9000000007

7111114275
1111115237
1111116460
1111117000
1111119000
1111112350
1111111122
1111111111
2211111111
0211111118

8222225386
2222226348
2222227571
2222239211
2222230211
2222234561
2222222233
2222222222
3322222222
1322222229

9333336497
3333337459
3333349782
3333350422
3333352422
3333345672
3333333344
3333333333
4433333344
2433333340

0544459900
5544460000
4444470006
4444473854
4444463533
4444456783
4444444455
4444444444
5544444455
3544444451

1655570021
6655583321
5555581117
5555584965
5555574644
5555567894
5555555566
5555555555
6655555566
4655555562

2766681132
7766694432
6666693338
6666697096
6666699096
6666680006
6666678998
6666666666
7766666677
5766666673

6000004243
0000008554
0000008670
0000000500
0000000500
0000007670
0000000000
0000000000
0000000000
9000000007

7111115354
1111119665
1111119781
1111111611
1111111611
1111118781
1111111111
1111111111
2211111111
0211111118

8222238786
2222240008
2222240004
2222235053
2222223832
2222229892
2222222222
2222222222
3322222222
1322222229

9333349897
3333351119
3333351115
3333347274
3333347074
3333340004
3333345654
3333333333
4433333344
2433333340

0544460000
5544474560
4444462237
4444458385
4444458185
4444451115
4444456765
4444444444
5544444455
3544444451

1655571111
6655585671
5555573348
5555569496
5555569296
5555562226
5555567876
5555555555
6655555566
4655555562

2766682222
7766696793
6666695680
6666690900
6666690700
6666684559
6666678987
6666666666
7766666677
5766666673

6000007654
0000000006
0000000003
0000008052
0000008063
0000000000
0000000000
0000000000
0000000000
9000000007

7111118765
1111111117
1111111114
1111119163
1111119174
1111111111
1111111111
1111111111
2211111111
0211111118

8222229876
2222222228
2222233325
2222240474
2222240485
2222233322
2222222222
2222222222
3322222222
1322222229

9333340097
3333345549
3333344436
3333351585
3333351596
3333344433
3333333333
3333333333
4433333344
2433333340

0544451200
5544456780
4444455669
4444462808
4444462809
4444455655
4444444444
4444444444
5544444455
3544444451

1655563532
6655569004
5555569000
5555576080
5555575050
5555567887
5555555555
5555555555
6655555566
4655555562

2766685743
7766690315
6666690311
6666698291
6666686161
6666678998
6666666666
6666666666
7766666677
5766666673

6000008854
0000004426
0000005633
0000000704
0000000906
0000000000
0000000000
0000000000
0000000000
9000000007

7111119965
1111115537
1111116744
1111112925
1111112027
1111112221
1111111111
1111111111
2211111111
0211111118

8222230086
2222238858
2222228965
2222224046
2222224248
2222223332
2222222222
2222222222
3322222222
1322222229

9333353500
3333360000
3333350009
3333347478
3333335359
3333334443
3333333333
3333333333
4433333344
2433333340

0544464611
5544471122
4444461240
4444458600
4444446590
4444445565
4444444444
4444444444
5544444455
3544444451

1655575722
6655582233
5555572351
5555569822
5555557702
5555556787
5555555555
5555555555
6655555566
4655555562

2766686833
7766693344
6666695672
6666690053
6666690054
6666680009
6666678987
6666666666
7766666677
5766666673

6000009944
0000007455
0000009783
0000004164
0000004176
0000006450
0000000000
0000000000
0000000000
9000000007

7111130086
1111140008
1111130006
1111127596
1111115287
1111117561
1111111111
1111111111
2211111111
0211111118

8222241197
2222251119
2222241239
2222238800
2222226500
2222228794
2222222222
2222222222
3322222222
1322222229

9333352300
3333362360
3333352360
3333349922
3333337722
3333339906
3333333444
3333333333
4433333344
2433333340

0544463411
5544473471
4444475681
4444470053
4444470063
4444460037
4444456765
4444444444
5544444455
3544444451

1655574522
6655584582
5555586792
5555581164
5555581174
5555571148
5555567876
5555555555
6655555566
4655555562

2766685744
7766696905
6666698005
6666693496
6666692285
6666682259
6666678987
6666666666
7766666677
5766666673

6000000075
0000000036
0000000548
0000008800
0000006600
0000008800
0000000000
0000000000
0000000000
9000000007

7111111186
1111111147
1111111659
1111119911
1111117711
1111119911
1111111111
1111111111
2211111111
0211111118

8222222297
2222222269
2222234980
2222240053
2222250052
2222240042
2222234432
2222222222
3322222222
1322222229

9333333500
3333334700
3333346004
3333352385
3333361163
3333351153
3333345543
3333333333
4433333344
2433333340

0544444611
5544445811
4444457115
4444463496
4444472274
4444462264
4444456654
4444444444
5544444455
3544444451

1655555722
6655556922
5555568337
5555574608
5555583496
5555573375
5555567765
5555555555
6655555566
4655555562

2766667943
7766679043
6666680669
6666696930
6666694609
6666684597
6666678876
6666666666
7766666677
5766666673

6000000064
0000000696
0000008000
0000000005
0000000080
0000000000
0000000000
0000000000
0000000000
9000000007

7111111286
1111111808
1111119222
1111111116
1111111191
1111111111
1111111111
1111111111
2211111111
0211111118

8222223509
2222234040
2222230554
2222233438
2222222303
2222222333
2222222222
2222222222
3322222222
1322222229

9333334620
3333345162
3333341665
3333344549
3333333414
3333333444
3333333333
3333333333
4433333344
2433333340

0544445731
5544456273
4444452787
4444455660
4444444536
4444444555
4444444444
4444444444
5544444455
3544444451

1655556842
6655567384
5555563898
5555566771
5555555647
5555555666
5555555555
5555555555
6655555566
4655555562

2766679074
7766680908
6666687000
6666679005
6666667979
6666666777
6666666666
6666666666
7766666677
5766666673

6000000395
0000007029
0000000421
0000000648
0000000000
0000000000
0000000000
0000000000
0000000000
9000000007

7111111508
1111118250
1111111543
1111111759
1111111111
1111111111
1111111111
1111111111
2211111111
0211111118

8222222619
2222229361
2222222665
2222222870
2222222233
2222222222
2222222222
2222222222
3322222222
1322222229

9333344830
3333340583
3333344876
3333333981
3333333344
3333333333
3333333333
3333333333
4433333344
2433333340

0544457072
5544454007
4444458000
4444446005
4444445676
4444444444
4444444444
4444444444
5544444455
3544444451

1655568183
6655565118
5555569111
5555557116
5555556787
5555555555
5555555555
5555555555
6655555566
4655555562

2766679294
7766687329
6666680322
6666679327
6666667898
6666666666
6666666666
6666666666
7766666677
5766666673

6000000607
0000000750
0000006655
0000000870
0000000000
0000000000
0000000000
0000000000
0000000000
9000000007

7111111718
1111111861
1111117766
1111111981
1111111111
1111111111
1111111111
1111111111
2211111111
0211111118

8222224060
2222236006
2222230000
2222235005
2222223443
2222222222
2222222222
2222222222
3322222222
1322222229

9333335171
3333347117
3333341111
3333346116
3333334554
3333333333
3333333333
3333333333
4433333344
2433333340

0544446282
5544458228
4444452222
4444457227
4444445665
4444444444
4444444444
4444444444
5544444455
3544444451

1655557393
6655569339
5555563333
5555568338
5555556776
5555555555
5555555555
5555555555
6655555566
4655555562

2766679606
7766680660
6666685555
6666679449
6666667887
6666666666
6666666666
6666666666
7766666677
5766666673

6000000048
0000009004
0000000000
0000000000
0000000000
0000000000
0000000000
0000000000
0000000000
9000000007

7111122259
1111120215
1111122211
1111111111
1111111111
1111111111
1111111111
1111111111
2211111111
0211111118

8222233370
2222231337
2222233322
2222222222
2222222222
2222222222
2222222222
2222222222
3322222222
1322222229

9333344481
3333342448
3333344433
3333333333
3333333333
3333333333
3333333333
3333333333
4433333344
2433333340

0544455592
5544453559
4444455544
4444444444
4444444444
4444444444
4444444444
4444444444
5544444455
3544444451

1655566705
6655564780
5555566666
5555555555
5555555555
5555555555
5555555555
5555555555
6655555566
4655555562

2766677816
7766675891
6666677777
6666666666
6666666666
6666666666
6666666666
6666666666
7766666677
5766666673

6000000058
0000000005
0000000000
0000000000
0000000000
0000000000
0000000000
0000000000
0000000000
9000000007

7111111169
1111111116
1111111111
1111111111
1111111111
1111111111
1111111111
1111111111
2211111111
0211111118

8222222280
2222222238
2222222222
2222222222
2222222222
2222222222
2222222222
2222222222
3322222222
1322222229

9333333391
3333333349
3333333333
3333333333
3333333333
3333333333
3333333333
3333333333
4433333344
2433333340

0544444504
5544444570
4444444455
4444444444
4444444444
4444444444
4444444444
4444444444
5544444455
3544444451

1655555615
6655555681
5555555566
5555555555
5555555555
5555555555
5555555555
5555555555
6655555566
4655555562

2766666726
7766666792
6666666677
6666666666
6666666666
6666666666
6666666666
6666666666
7766666677
5766666673

3877777948
8877777904
7777777899
7777777777
7777777777
7777777777
7777777777
7777777777
8877777788
6877777784

7000000079
0000000067
0000000000
0000000000
0000000000
0000000000
0000000000
0000000000
0000000000
0000000008

8111111190
1111111189
1111111111
1111111111
1111111111
1111111111
1111111111
1111111111
1111111111
1111111119

9222222404
2222222400
2222222344
2222222222
2222222222
2222222222
2222222222
2222222222
2222222233
2222222230

0433333515
4433333511
3333333455
3333333333
3333333333
3333333333
3333333333
3333333333
3333333344
3333333341

1544444626
5544444622
4444444566
4444444444
4444444444
4444444444
4444444444
4444444444
4444444455
4444444452

2655555737
6655555733
5555555677
5555555555
5555555555
5555555555
5555555555
5555555555
5555555566
5555555563

3766666848
7766666844
6666666788
6666666666
6666666666
6666666666
6666666666
6666666666
6666666677
6666666674

4877777959
8877777955
7777777899
7777777777
7777777777
7777777777
7777777777
7777777777
7777777788
7777777785

8000000000
0000000000
0000000000
0000000000
0000000000
0000000000
0000000000
0000000000
0000000000
0000000009

9111111111
1111111111
1111111111
1111111111
1111111111
1111111111
1111111111
1111111111
1111111122
1111111120

0322222222
3322222222
2222222222
2222222222
2222222222
2222222222
2222222222
2222222222
2222222233
2222222231

1433333333
4433333333
3333333333
3333333333
3333333333
3333333333
3333333333
3333333333
3333333344
3333333342

2544444444
5544444444
4444444444
4444444444
4444444444
4444444444
4444444444
4444444444
4444444455
4444444453

3655555555
6655555555
5555555555
5555555555
5555555555
5555555555
5555555555
5555555555
5555555566
5555555564

4766666666
7766666666
6666666666
6666666666
6666666666
6666666666
6666666666
6666666666
6666666677
6666666675

5877777777
8877777777
7777777777
7777777777
7777777777
7777777777
7777777777
7777777777
7777777788
7777777786

6988888888
9988888888
8888888888
8888888888
8888888888
8888888888
8888888888
8888888888
8888888899
8888888897

0000000000
0000000000
0000000000
0000000000
0000000000
0000000000
0000000000
0000000000
0000000000
0000000000

 242    
